covers: 18 ai + 14 v = 32
ai-00 53936 (960, 540)
ai-01 55093 (960, 540)
ai-02 56909 (960, 540)
ai-03 43792 (960, 540)
ai-04 63354 (960, 540)
ai-05 69662 (960, 540)
ai-06 64617 (960, 540)
ai-07 64868 (960, 540)
ai-08 61338 (960, 540)
ai-09 51680 (960, 540)
ai-10 79808 (960, 540)
ai-11 68121 (960, 540)
ai-12 61944 (960, 540)
ai-13 67693 (960, 540)
ai-14 70936 (960, 540)
ai-15 71107 (960, 540)
ai-16 52955 (960, 540)
ai-17 74690 (960, 540)
v-00 70976 (960, 540)
v-01 50962 (960, 540)
v-02 32445 (960, 540)
v-03 109930 (960, 540)
v-04 51355 (960, 540)
v-05 55012 (960, 540)
v-06 64534 (960, 540)
v-07 68481 (960, 540)
v-08 42301 (960, 540)
v-09 67462 (960, 540)
v-10 60851 (960, 540)
v-11 61982 (960, 540)
v-12 52022 (960, 540)
v-13 60613 (960, 540)
