covers: 16 ai + 14 v = 30
ai-00 56423 (960, 540)
ai-01 47363 (960, 540)
ai-02 73409 (960, 540)
ai-03 58394 (960, 540)
ai-04 62270 (960, 540)
ai-05 46172 (960, 540)
ai-06 97625 (960, 540)
ai-07 54736 (960, 540)
ai-08 66967 (960, 540)
ai-09 57636 (960, 540)
ai-10 47489 (960, 540)
ai-11 76262 (960, 540)
ai-12 86227 (960, 540)
ai-13 74549 (960, 540)
ai-14 106493 (960, 540)
ai-15 83450 (960, 540)
v-00 58406 (960, 540)
v-01 56137 (960, 540)
v-02 72118 (960, 540)
v-03 77915 (960, 540)
v-04 58065 (960, 540)
v-05 68044 (960, 540)
v-06 81294 (960, 540)
v-07 97230 (960, 540)
v-08 97734 (960, 540)
v-09 50011 (960, 540)
v-10 73739 (960, 540)
v-11 62295 (960, 540)
v-12 80303 (960, 540)
v-13 107854 (960, 540)
